1024 2.96920000000000000000
2048 3.00146000000000000000
3072 3.26782000000000000000
4096 2.81292000000000000000
5120 3.34080000000000000000
6144 3.12556000000000000000
7168 3.21060000000000000000
8192 3.03642000000000000000
9216 3.28076000000000000000
10240 3.55490000000000000000
11264 2.55972000000000000000
12288 3.44830000000000000000
13312 3.93118000000000000000
14336 3.85758000000000000000
15360 3.75180000000000000000
16384 3.99456000000000000000
17408 3.64656000000000000000
18432 3.62030000000000000000
19456 3.92754000000000000000
20480 3.97328000000000000000
21504 4.01256000000000000000
22528 3.57234000000000000000
23552 3.68484000000000000000
24576 3.48972000000000000000
25600 3.61648000000000000000
26624 3.53062000000000000000
27648 3.46016000000000000000
28672 3.35326000000000000000
29696 3.48732000000000000000
30720 3.00226000000000000000
31744 3.73862000000000000000
32768 4.01500000000000000000
33792 3.84892000000000000000
34816 3.82544000000000000000
35840 3.37026000000000000000
36864 3.19604000000000000000
37888 3.29236000000000000000
38912 2.98488000000000000000
39936 3.32846000000000000000
40960 3.22198000000000000000
